1	182	873	16	9000
2	352	925	12	9000
3	326	873	15	9000
4	333	871	18	9000
5	34	448	10	11000
6	330	949	13	9000
7	77	943	14	9000
8	28	792	14	9000
9	209	923	11	9000
10	351	750	17	11000
11	434	997	10	9000
12	153	796	18	9000
13	207	822	12	9000
14	303	920	19	9000
15	476	898	13	11000
16	407	945	10	9000
17	352	975	17	9000
18	404	944	15	9000
19	77	642	10	9000
20	53	494	16	11000
21	134	994	13	9000
22	105	774	13	9000
23	280	895	19	9000
24	257	844	20	9000
25	80	469	18	11000
26	179	845	12	9000
27	282	896	18	9000
28	258	949	12	9000
29	154	695	14	9000
30	309	746	16	11000
31	353	996	12	9000
32	5	975	18	9000
33	278	822	11	9000
34	352	971	16	9000
35	1	524	13	11000
36	81	771	18	9000
37	277	948	15	9000
38	353	925	18	9000
39	326	996	13	9000
40	502	973	20	11000
41	80	871	14	9000
42	303	873	12	9000
43	155	847	11	9000
44	203	825	13	9000
45	452	899	12	11000
46	208	845	18	9000
47	376	948	20	9000
48	151	742	15	9000
49	205	793	10	9000
50	559	946	13	11000
51	353	896	10	9000
52	77	620	19	9000
53	203	875	13	9000
54	204	842	10	9000
55	606	999	17	11000
56	453	999	10	9000
57	152	794	16	9000
58	7	717	18	9000
59	3	995	15	9000
60	32	447	14	11000
61	328	923	19	9000
62	429	1000	10	9000
63	177	773	10	9000
64	376	925	10	9000
65	606	993	13	11000
66	258	872	12	9000
67	128	900	12	9000
68	234	794	12	9000
69	105	725	16	9000
70	484	873	17	11000
71	33	992	17	9000
72	131	667	13	9000
73	176	798	12	9000
74	255	795	17	9000
75	256	672	15	11000
76	406	975	17	9000
77	305	998	18	9000
78	81	825	20	9000
79	9	567	10	9000
80	2	519	10	11000
81	403	944	17	9000
82	453	993	18	9000
83	454	996	13	9000
84	308	924	12	9000
85	351	871	18	11000
86	306	917	20	9000
87	159	950	18	9000
88	257	868	19	9000
89	284	999	14	9000
90	84	575	16	11000
91	101	874	18	9000
92	108	973	11	9000
93	155	967	16	9000
94	384	967	16	9000
95	276	671	18	11000
96	29	568	16	9000
97	378	999	11	9000
98	358	945	11	9000
99	80	723	13	9000
100	508	967	10	11000
101	102	770	14	9000
102	55	749	12	9000
103	6	797	20	9000
104	451	999	16	9000
105	556	993	12	11000
106	358	950	11	9000
107	179	771	13	9000
108	58	867	14	9000
109	31	747	19	9000
110	34	422	12	11000
111	181	772	19	9000
112	154	825	18	9000
113	209	824	14	9000
114	333	968	10	9000
115	555	947	11	11000
116	4	620	18	9000
117	3	594	12	9000
118	183	1000	19	9000
119	331	995	16	9000
120	428	946	10	11000
121	427	996	15	9000
122	381	943	10	9000
123	183	825	13	9000
124	459	992	19	9000
125	502	947	10	11000
126	278	892	13	9000
127	456	995	10	9000
128	377	972	14	9000
129	459	999	13	9000
130	406	794	19	11000
131	232	894	15	9000
132	434	1000	16	9000
133	54	593	18	9000
134	231	818	16	9000
135	601	998	12	11000
136	379	972	19	9000
137	352	900	15	9000
138	151	795	13	9000
139	279	999	14	9000
140	59	471	13	11000
141	59	943	15	9000
142	1	574	20	9000
143	32	721	20	9000
144	159	823	17	9000
145	501	898	17	11000
146	259	970	14	9000
147	209	969	11	9000
148	453	1000	13	9000
149	27	999	15	9000
150	176	599	19	11000
151	2	946	13	9000
152	454	994	12	9000
153	128	892	15	9000
154	26	748	14	9000
155	234	719	17	11000
156	304	973	10	9000
157	226	849	12	9000
158	329	995	13	9000
159	205	821	11	9000
160	159	648	19	11000
161	233	950	16	9000
162	359	950	13	9000
163	378	973	16	9000
164	457	995	14	9000
165	159	550	15	11000
166	56	848	11	9000
167	277	946	20	9000
168	429	975	11	9000
169	179	795	19	9000
170	229	696	20	11000
171	426	998	14	9000
172	234	772	14	9000
173	332	893	18	9000
174	130	767	17	9000
175	379	771	20	11000
176	205	971	17	9000
177	231	970	10	9000
178	179	924	10	9000
179	109	947	14	9000
180	576	996	12	11000
181	282	972	11	9000
182	9	822	12	9000
183	277	896	20	9000
184	326	900	18	9000
185	254	768	20	11000
186	31	571	13	9000
187	58	920	13	9000
188	81	700	15	9000
189	252	919	20	9000
190	57	575	13	11000
191	9	721	11	9000
192	4	692	20	9000
193	429	972	11	9000
194	52	620	15	9000
195	253	699	18	11000
196	453	996	18	9000
197	59	1000	10	9000
198	452	992	16	9000
199	332	949	18	9000
200	259	768	19	11000
201	429	997	18	9000
202	381	973	14	9000
203	81	775	20	9000
204	309	892	10	9000
205	509	972	14	11000
206	329	999	16	9000
207	9	545	19	9000
208	184	824	11	9000
209	184	848	10	9000
210	504	972	18	11000
211	2	722	18	9000
212	257	792	12	9000
213	157	950	18	9000
214	404	948	18	9000
215	78	571	15	11000
216	5	974	10	9000
217	30	973	10	9000
218	208	771	12	9000
219	434	975	20	9000
220	407	920	19	11000
221	230	993	16	9000
222	227	995	15	9000
223	59	743	18	9000
224	326	993	20	9000
225	308	720	17	11000
226	230	770	15	9000
227	79	643	20	9000
228	32	624	13	9000
229	57	796	11	9000
230	131	548	13	11000
231	106	767	10	9000
232	259	970	17	9000
233	57	771	13	9000
234	101	874	20	9000
235	454	950	14	11000
236	280	822	13	9000
237	55	925	20	9000
238	179	924	10	9000
239	409	995	18	9000
240	51	567	16	11000
241	5	546	13	9000
242	380	949	12	9000
243	330	992	12	9000
244	53	900	18	9000
245	509	992	13	11000
246	278	996	19	9000
247	452	995	17	9000
248	203	975	14	9000
249	452	997	17	9000
250	251	772	14	11000
251	355	893	14	9000
252	305	875	20	9000
253	104	792	15	9000
254	104	695	15	9000
255	359	848	18	11000
256	228	873	15	9000
257	434	975	15	9000
258	458	999	16	9000
259	283	870	17	9000
260	327	768	12	11000
261	332	967	19	9000
262	204	918	11	9000
263	180	818	13	9000
264	378	975	20	9000
265	577	993	12	11000
266	80	624	18	9000
267	355	897	13	9000
268	434	975	20	9000
269	407	968	18	9000
270	309	799	10	11000
271	103	775	10	9000
272	31	873	15	9000
273	408	945	13	9000
274	201	896	17	9000
275	32	444	16	11000
276	431	995	10	9000
277	129	869	18	9000
278	334	917	13	9000
279	455	996	14	9000
280	409	844	17	11000
281	355	917	19	9000
282	252	875	10	9000
283	234	798	19	9000
284	2	893	19	9000
285	128	545	19	11000
286	6	874	17	9000
287	328	919	15	9000
288	382	968	14	9000
289	456	999	20	9000
290	5	420	15	11000
291	452	998	11	9000
292	455	999	20	9000
293	329	924	18	9000
294	156	750	13	9000
295	57	525	20	11000
296	181	723	13	9000
297	130	874	15	9000
298	56	871	14	9000
299	433	995	19	9000
300	9	492	17	11000
301	79	944	18	9000
302	401	946	16	9000
303	176	745	12	9000
304	351	970	18	9000
305	432	919	18	11000
306	107	724	18	9000
307	84	624	16	9000
308	5	694	16	9000
309	376	943	12	9000
310	284	675	12	11000
311	455	996	19	9000
312	453	997	15	9000
313	453	994	20	9000
314	202	992	10	9000
315	202	721	19	11000
316	401	946	20	9000
317	279	971	11	9000
318	232	774	10	9000
319	426	968	10	9000
320	257	674	12	11000
321	359	920	18	9000
322	402	996	11	9000
323	451	999	15	9000
324	127	794	13	9000
325	53	443	13	11000
326	403	995	10	9000
327	205	943	10	9000
328	179	722	16	9000
329	101	717	17	9000
330	279	748	18	11000
331	308	994	15	9000
332	103	793	18	9000
333	401	949	13	9000
334	429	1000	10	9000
335	279	749	13	11000
336	227	872	14	9000
337	82	667	14	9000
338	434	972	17	9000
339	402	971	14	9000
340	81	473	10	11000
341	33	720	10	9000
342	181	819	19	9000
343	429	971	15	9000
344	232	768	17	9000
345	152	571	16	11000
346	328	918	14	9000
347	454	996	17	9000
348	453	994	13	9000
349	380	922	16	9000
350	258	743	10	11000
351	279	969	19	9000
352	155	745	19	9000
353	131	717	14	9000
354	9	825	15	9000
355	106	495	19	11000
356	406	944	14	9000
357	334	867	15	9000
358	56	797	13	9000
359	126	845	12	9000
360	105	618	14	11000
361	356	948	11	9000
362	381	967	16	9000
363	451	997	20	9000
364	151	992	16	9000
365	107	547	10	11000
366	406	973	20	9000
367	205	1000	20	9000
368	380	995	13	9000
369	29	575	18	9000
370	433	894	10	11000
371	208	792	17	9000
372	330	968	18	9000
373	103	975	12	9000
374	107	671	11	9000
375	428	949	11	11000
376	307	1000	20	9000
377	254	792	17	9000
378	208	774	17	9000
379	307	867	17	9000
380	31	519	12	11000
381	102	894	14	9000
382	79	897	12	9000
383	1	643	14	9000
384	230	817	15	9000
385	552	968	14	11000
386	281	973	19	9000
387	209	747	13	9000
388	84	694	13	9000
389	227	824	11	9000
390	309	821	10	11000
391	284	946	13	9000
392	430	997	12	9000
393	308	969	11	9000
394	5	999	13	9000
395	180	694	13	11000
396	233	943	14	9000
397	84	867	10	9000
398	280	947	16	9000
399	209	993	15	9000
400	5	425	12	11000
401	4	822	13	9000
402	8	600	20	9000
403	252	894	18	9000
404	354	994	15	9000
405	132	644	11	11000
406	284	844	10	9000
407	28	870	20	9000
408	208	948	14	9000
409	83	892	20	9000
410	301	825	13	11000
411	458	998	12	9000
412	257	997	19	9000
413	278	947	16	9000
414	83	975	12	9000
415	230	674	14	11000
416	359	945	17	9000
417	102	768	11	9000
418	309	993	19	9000
419	327	924	10	9000
420	57	473	12	11000
421	131	774	12	9000
422	409	949	17	9000
423	77	694	18	9000
424	456	994	15	9000
425	606	1000	13	11000
426	356	946	17	9000
427	229	818	16	9000
428	59	592	18	9000
429	184	799	20	9000
430	403	842	20	11000
431	5	647	19	9000
432	204	868	18	9000
433	5	695	11	9000
434	28	848	11	9000
435	530	999	13	11000
436	334	944	19	9000
437	206	950	16	9000
438	178	842	19	9000
439	33	723	16	9000
440	229	642	12	11000
441	129	972	14	9000
442	280	1000	13	9000
443	253	848	10	9000
444	30	894	10	9000
445	476	944	10	11000
446	379	947	11	9000
447	304	922	17	9000
448	359	975	17	9000
449	156	722	12	9000
450	206	622	10	11000
451	78	846	15	9000
452	202	948	11	9000
453	107	867	16	9000
454	101	994	16	9000
455	483	869	15	11000
456	176	819	15	9000
457	376	975	20	9000
458	408	944	13	9000
459	279	967	20	9000
460	426	848	19	11000
461	278	994	18	9000
462	252	896	17	9000
463	156	722	12	9000
464	403	994	10	9000
465	408	794	11	11000
466	9	750	20	9000
467	232	993	10	9000
468	406	969	19	9000
469	432	1000	19	9000
470	406	868	13	11000
471	126	672	17	9000
472	82	621	13	9000
473	401	942	16	9000
474	377	994	15	9000
475	555	997	15	11000
476	256	895	18	9000
477	381	970	18	9000
478	226	767	12	9000
479	378	973	11	9000
480	81	595	12	11000
481	302	1000	19	9000
482	7	793	20	9000
483	102	800	10	9000
484	452	998	19	9000
485	330	794	16	11000
486	32	796	15	9000
487	334	872	18	9000
488	184	893	13	9000
489	183	968	11	9000
490	101	621	14	11000
491	80	695	19	9000
492	106	972	19	9000
493	105	825	10	9000
494	327	993	14	9000
495	58	543	16	11000
496	76	972	16	9000
497	257	970	20	9000
498	430	972	15	9000
499	133	743	12	9000
500	581	995	15	11000
501	134	847	14	9000
502	427	998	20	9000
503	408	945	18	9000
504	59	821	13	9000
505	82	521	19	11000
506	258	920	14	9000
507	53	973	13	9000
508	456	994	19	9000
509	259	796	13	9000
510	201	695	12	11000
511	153	718	16	9000
512	134	824	15	9000
513	431	968	18	9000
514	152	796	20	9000
515	231	723	18	11000
516	309	969	10	9000
517	83	625	18	9000
518	127	792	13	9000
519	232	969	16	9000
520	578	992	17	11000
521	203	947	14	9000
522	359	969	10	9000
523	281	897	10	9000
524	254	1000	15	9000
525	506	998	11	11000
526	352	996	15	9000
527	180	843	17	9000
528	283	873	11	9000
529	382	971	15	9000
530	177	599	12	11000
531	107	818	10	9000
532	7	550	19	9000
533	1	920	19	9000
534	133	874	17	9000
535	84	597	11	11000
536	51	973	12	9000
537	51	596	14	9000
538	127	820	19	9000
539	258	819	12	9000
540	234	748	20	11000
541	354	896	15	9000
542	158	698	19	9000
543	158	918	18	9000
544	8	973	14	9000
545	227	724	18	11000
546	457	999	18	9000
547	202	894	14	9000
548	326	919	16	9000
549	406	946	16	9000
550	533	944	13	11000
551	428	1000	16	9000
552	281	895	13	9000
553	80	921	10	9000
554	279	898	11	9000
555	609	996	15	11000
556	234	820	11	9000
557	426	972	11	9000
558	359	946	16	9000
559	306	867	11	9000
560	303	742	17	11000
561	128	743	19	9000
562	255	897	11	9000
563	405	944	20	9000
564	152	719	19	9000
565	234	750	13	11000
566	228	947	10	9000
567	107	799	20	9000
568	334	968	18	9000
569	281	918	12	9000
570	208	599	14	11000
571	352	970	15	9000
572	79	971	14	9000
573	1	767	11	9000
574	401	949	17	9000
575	533	971	11	11000
576	404	974	16	9000
577	156	867	11	9000
578	8	1000	14	9000
579	76	617	15	9000
580	304	772	15	11000
581	207	799	12	9000
582	429	996	15	9000
583	452	992	19	9000
584	109	975	12	9000
585	433	943	15	11000
586	176	771	19	9000
587	155	918	11	9000
588	230	820	11	9000
589	157	797	10	9000
590	554	992	13	11000
591	254	974	17	9000
592	176	824	19	9000
593	428	975	11	9000
594	404	949	11	9000
595	133	517	19	11000
596	52	917	17	9000
597	103	700	20	9000
598	105	772	13	9000
599	101	774	17	9000
600	381	875	16	11000
601	428	975	12	9000
602	9	820	18	9000
603	51	617	19	9000
604	153	774	18	9000
605	401	892	17	11000
606	182	920	14	9000
607	379	969	11	9000
608	28	1000	14	9000
609	54	719	10	9000
610	559	943	16	11000
611	134	943	16	9000
612	378	975	15	9000
613	304	898	19	9000
614	456	995	14	9000
615	152	621	12	11000
616	6	743	20	9000
617	134	748	17	9000
618	104	792	15	9000
619	152	796	16	9000
620	126	518	15	11000
621	155	943	14	9000
622	5	818	15	9000
623	257	892	10	9000
624	77	645	15	9000
625	609	995	20	11000
626	405	949	13	9000
627	80	674	17	9000
628	107	969	12	9000
629	57	797	17	9000
630	203	697	14	11000
631	331	920	10	9000
632	83	823	16	9000
633	280	972	17	9000
634	303	969	10	9000
635	277	745	16	11000
636	133	699	19	9000
637	8	545	15	9000
638	278	1000	11	9000
639	31	646	11	9000
640	104	623	18	11000
641	182	718	14	9000
642	433	999	11	9000
643	80	643	20	9000
644	302	971	19	9000
645	378	899	14	11000
646	353	947	10	9000
647	184	893	16	9000
648	4	644	18	9000
649	430	994	19	9000
650	180	573	12	11000
651	428	972	16	9000
652	426	992	17	9000
653	429	1000	16	9000
654	326	921	11	9000
655	208	644	11	11000
656	278	942	16	9000
657	204	999	13	9000
658	206	892	16	9000
659	282	819	11	9000
660	129	546	18	11000
661	208	944	15	9000
662	430	992	11	9000
663	252	921	15	9000
664	104	773	11	9000
665	359	849	19	11000
666	3	600	15	9000
667	330	871	14	9000
668	306	968	18	9000
669	328	943	18	9000
670	530	948	11	11000
671	456	998	13	9000
672	155	823	20	9000
673	382	950	15	9000
674	359	924	18	9000
675	131	545	15	11000
676	130	695	10	9000
677	258	973	16	9000
678	58	672	10	9000
679	232	973	12	9000
680	454	844	11	11000
681	359	896	15	9000
682	355	975	11	9000
683	178	917	17	9000
684	351	996	12	9000
685	602	992	17	11000
686	183	998	18	9000
687	276	997	17	9000
688	5	773	12	9000
689	453	992	14	9000
690	408	825	10	11000
691	327	869	20	9000
692	381	992	20	9000
693	454	999	13	9000
694	230	923	13	9000
695	604	993	17	11000
696	107	893	17	9000
697	34	995	11	9000
698	256	998	17	9000
699	177	873	13	9000
700	556	994	16	11000
701	457	996	10	9000
702	453	997	15	9000
703	5	724	13	9000
704	7	672	19	9000
705	8	399	15	11000
706	128	919	14	9000
707	409	971	19	9000
708	184	949	10	9000
709	101	821	19	9000
710	604	996	10	11000
711	2	848	12	9000
712	428	972	20	9000
713	29	622	20	9000
714	284	923	16	9000
715	555	968	20	11000
716	282	896	13	9000
717	152	897	17	9000
718	308	868	19	9000
719	127	995	19	9000
720	583	996	11	11000
721	176	948	14	9000
722	177	724	20	9000
723	352	922	17	9000
724	306	920	17	9000
725	556	945	16	11000
726	279	898	15	9000
727	7	548	20	9000
728	334	869	12	9000
729	359	925	15	9000
730	452	894	18	11000
731	227	792	15	9000
732	2	542	20	9000
733	2	746	20	9000
734	233	999	17	9000
735	482	900	17	11000
736	429	971	20	9000
737	57	669	10	9000
738	51	944	13	9000
739	233	995	18	9000
740	382	796	13	11000
741	352	969	10	9000
742	331	900	17	9000
743	283	992	10	9000
744	304	948	20	9000
745	208	595	13	11000
746	178	892	11	9000
747	108	972	14	9000
748	154	725	20	9000
749	127	700	19	9000
750	56	575	12	11000
751	82	648	15	9000
752	257	949	20	9000
753	259	994	18	9000
754	351	919	14	9000
755	109	596	20	11000
756	183	742	12	9000
757	79	717	11	9000
758	231	995	10	9000
759	34	694	12	9000
760	402	845	13	11000
761	380	921	17	9000
762	328	867	13	9000
763	353	992	11	9000
764	152	725	13	9000
765	305	824	12	11000
766	254	947	12	9000
767	229	771	20	9000
768	284	998	10	9000
769	104	819	14	9000
770	302	742	12	11000
771	384	995	15	9000
772	284	846	15	9000
773	458	994	13	9000
774	302	850	16	9000
775	457	843	20	11000
776	281	875	13	9000
777	4	544	16	9000
778	328	949	17	9000
779	327	895	10	9000
780	6	469	17	11000
781	455	1000	16	9000
782	32	773	15	9000
783	405	994	20	9000
784	281	822	17	9000
785	456	975	11	11000
786	231	869	16	9000
787	433	973	16	9000
788	51	893	20	9000
789	232	1000	20	9000
790	458	945	13	11000
791	155	773	11	9000
792	452	996	16	9000
793	328	993	10	9000
794	230	848	11	9000
795	3	398	19	11000
796	302	999	10	9000
797	55	918	16	9000
798	27	924	19	9000
799	351	947	14	9000
800	108	623	13	11000
801	354	974	17	9000
802	159	724	12	9000
803	377	950	12	9000
804	183	792	20	9000
805	29	449	13	11000
806	277	925	17	9000
807	104	817	20	9000
808	177	768	18	9000
809	284	946	11	9000
810	405	794	18	11000
811	81	773	10	9000
812	108	722	10	9000
813	107	643	15	9000
814	428	974	19	9000
815	434	897	16	11000
816	329	947	13	9000
817	226	869	17	9000
818	328	874	10	9000
819	154	925	16	9000
820	176	595	20	11000
821	58	869	11	9000
822	333	872	16	9000
823	207	992	14	9000
824	133	897	19	9000
825	355	795	16	11000
826	452	996	17	9000
827	8	970	14	9000
828	158	696	13	9000
829	253	868	10	9000
830	108	596	10	11000
831	154	817	19	9000
832	33	925	14	9000
833	380	999	16	9000
834	256	797	18	9000
835	184	672	13	11000
836	159	970	12	9000
837	101	846	16	9000
838	82	994	11	9000
839	59	870	15	9000
840	501	922	11	11000
841	259	875	18	9000
842	232	799	12	9000
843	278	919	16	9000
844	255	847	11	9000
845	279	668	17	11000
846	429	967	14	9000
847	404	971	20	9000
848	183	850	20	9000
849	358	899	13	9000
850	502	974	20	11000
851	376	948	13	9000
852	279	972	13	9000
853	278	923	19	9000
854	403	974	10	9000
855	2	448	19	11000
856	152	748	20	9000
857	304	920	10	9000
858	401	971	17	9000
859	32	568	11	9000
860	431	900	16	11000
861	401	949	14	9000
862	127	767	18	9000
863	351	947	11	9000
864	303	972	15	9000
865	456	848	17	11000
866	283	842	15	9000
867	152	823	11	9000
868	31	743	12	9000
869	383	975	20	9000
870	8	418	17	11000
871	58	944	13	9000
872	353	974	20	9000
873	255	923	11	9000
874	407	994	20	9000
875	153	574	15	11000
876	301	842	10	9000
877	208	797	19	9000
878	102	968	14	9000
879	309	972	15	9000
880	480	993	10	11000
881	232	921	16	9000
882	56	619	17	9000
883	430	995	20	9000
884	455	992	17	9000
885	159	571	19	11000
886	330	868	10	9000
887	431	1000	13	9000
888	9	625	16	9000
889	277	822	12	9000
890	257	742	11	11000
891	3	848	17	9000
892	455	996	10	9000
893	103	722	12	9000
894	77	649	18	9000
895	79	599	13	11000
896	159	869	17	9000
897	351	948	20	9000
898	433	994	17	9000
899	201	797	17	9000
900	381	767	17	11000
901	357	972	20	9000
902	256	842	14	9000
903	254	843	13	9000
904	308	993	18	9000
905	504	925	19	11000
906	278	896	12	9000
907	77	792	17	9000
908	204	899	17	9000
909	6	574	16	9000
910	229	748	20	11000
911	76	669	11	9000
912	181	721	11	9000
913	204	817	12	9000
914	456	997	18	9000
915	133	620	11	11000
916	279	896	12	9000
917	432	975	14	9000
918	52	920	17	9000
919	334	873	16	9000
920	505	969	17	11000
921	80	768	19	9000
922	426	974	18	9000
923	28	975	17	9000
924	201	997	11	9000
925	258	694	17	11000
926	457	994	12	9000
927	7	747	19	9000
928	55	625	16	9000
929	332	869	15	9000
930	606	999	17	11000
931	4	892	13	9000
932	229	945	16	9000
933	327	873	12	9000
934	305	867	18	9000
935	159	646	12	11000
936	308	873	11	9000
937	158	973	14	9000
938	305	995	14	9000
939	308	923	10	9000
940	601	1000	17	11000
941	204	850	10	9000
942	103	774	20	9000
943	301	973	15	9000
944	207	900	20	9000
945	180	697	17	11000
946	451	999	15	9000
947	359	972	12	9000
948	327	1000	19	9000
949	301	922	18	9000
950	231	699	14	11000
951	106	844	18	9000
952	401	999	18	9000
953	456	999	13	9000
954	382	997	19	9000
955	351	844	18	11000
956	53	942	11	9000
957	355	950	12	9000
958	176	892	20	9000
959	34	774	11	9000
960	455	948	20	11000
961	376	967	11	9000
962	131	768	17	9000
963	333	924	13	9000
964	384	920	18	9000
965	280	668	14	11000
966	76	846	18	9000
967	383	946	20	9000
968	127	996	16	9000
969	255	843	16	9000
970	226	717	19	11000
971	377	999	11	9000
972	456	993	12	9000
973	327	992	13	9000
974	455	1000	13	9000
975	328	847	18	11000
976	207	892	10	9000
977	409	942	18	9000
978	427	993	19	9000
979	78	922	20	9000
980	127	625	16	11000
981	177	946	19	9000
982	351	970	19	9000
983	154	717	19	9000
984	176	899	17	9000
985	608	999	19	11000
986	208	969	11	9000
987	204	975	13	9000
988	454	993	11	9000
989	379	972	17	9000
990	234	667	16	11000
991	79	671	12	9000
992	330	992	13	9000
993	126	749	12	9000
994	329	923	11	9000
995	359	771	14	11000
996	105	842	13	9000
997	177	872	19	9000
998	77	942	12	9000
999	209	848	20	9000
1000	556	992	13	11000
